6.54
6.54
6.54
12.54
4.54
8.54
11.54
10.54
9.54
8.54
8.54
9.54
13.54
13.54
6.54
8.54
8.54
6.54
9.54
9.54
6.54
10.54
9.54
17.54
11.54
8.54
4.54
4.54
10.54
11.54
4.54
8.54
8.54
11.54
8.54
13.54
4.54
12.54
8.54
9.54
6.54
6.54
6.54
13.54
6.54
8.54
10.54
4.54
6.54
6.54
17.54
10.54
13.54
6.54
8.54
12.54
8.54
13.54
12.54
13.54
13.54
9.54
10.54
13.54
11.54
12.54
12.54
6.54
13.54
17.54
10.54
4.54
6.54
11.54
13.54
10.54
13.54
9.54
10.54
11.54
6.54
6.54
13.54
17.54
21.54
13.54
0.54
9.54
9.54
12.54
8.54
11.54
10.54
21.54
6.54
6.54
9.54
9.54
10.54
6.54
